depth	type	thickness	k_cmd	
0.3	mS	0.3	427
0.9	Hu	0.6	30
1.2	Su3	0.3	3.20E+01
3	Su2	1.8	88
4.3	fSmS	1.3	169
6.2	fSmS	1.9	169
7.1	Tu3	0.9	28
7.9	Torfmud	0.8	0.048
8.55	Ut3	0.65	8
10.1	Su4	1.55	24
12.1	Tt	2	2
24.65	Tt	12.55	2
26.95	mSgS	2.3	281
29.4	gSfS	2.45	130
30.65	Uu	1.25	7
32.45	Uu	1.8	7
36.5	Tt	4.05	2
47.75	Uu	11.25	7
52.55	Tt	4.8	2
65.95	Tl	13.4	3
69.85	Tt	3.9	2
75	Uu	5.15	7
78.2	gSfS	3.2	130
79.45	Uu	1.25	7
79.9	Tl	0.45	3
83.4	mSfS	3.5	221
87.6	gSmS	4.2	130
89.25	gSfS	1.65	221
91.05	mSgS	1.8	281
98.15	mSgS	7.1	281
105	gSfS	6.85	130